$ANSIBLE_VAULT;1.1;AES256
31343036613565666331623763336264396430653633323166643164653862353363353363356631
3436623435363266333961366365313866333663636236660a383630373430336135393131623966
62643237636339636565373566613839306165616464343133616235653137663864333235646435
6663623962383065610a666437306138343130643864643266643766643361663265663733636265
31373763633864383737376339383639353939343333633931373337653831623031303432656330
62396136393333346633336439653463376636353733313837303663346135653438633263363463
61633838323966633537323135366232346266633462666539373366383831346265343666393139
30663234626238333437393961346461346133373634363936386661656232313266346533623834
33333065623434353965323039396566393463643837663862666437633262626365653633653030
65393630613031396230363932313335616637636237666532376636623461326161306563626365
39323135353030343861613063323939356333313534336663303363366238643363633563303535
36313938663937633939663864326163626663353963373962333762363835633939376635376265
65653138366665323364653764336137653439323535633563626536633764633061376666346163
32343965306530336439613035313431343431373135356232333161353165306432646266306666
32333265336638336563373836643362363665623737633062313366613762343334363532393939
61636639646664366563
